i为结点值，下方三个DISP为三角形单元格从顶点开始逆时针三个点的位移值
STRESS为应力
 

i =

     1


ELEDISP =

   5.3018e+03  -5.1705e+05            0            0            0            0


ELEDISP =

   5.3018e+03  -5.1705e+05   4.4126e+03  -5.1774e+05            0            0


ELEDISP =

   5.3018e+03  -5.1705e+05   4.4126e+03  -5.1774e+05   4.4229e+03  -5.1672e+05


STRESS =

   1.7521e+01
   8.6957e+01
  -2.0000e+00


i =

     2


ELEDISP =

   4.4126e+03  -5.1774e+05   4.4126e+03  -5.1774e+05   4.4229e+03  -5.1672e+05


ELEDISP =

   4.4126e+03  -5.1774e+05   3.5291e+03  -5.1829e+05   4.4229e+03  -5.1672e+05


ELEDISP =

   4.4126e+03  -5.1774e+05   3.5291e+03  -5.1829e+05   3.5337e+03  -5.1728e+05


STRESS =

   4.0754e+00
   2.3743e+01
  -1.4000e+01


i =

     3


ELEDISP =

   4.4126e+03  -5.1774e+05   3.5291e+03  -5.1829e+05   3.5337e+03  -5.1728e+05


ELEDISP =

   4.4126e+03  -5.1774e+05   3.5337e+03  -5.1728e+05   3.5337e+03  -5.1728e+05


ELEDISP =

   4.4126e+03  -5.1774e+05   3.5337e+03  -5.1728e+05   4.4229e+03  -5.1672e+05


STRESS =

   1.7682e+00
   2.3946e+01
  -2.0000e+00


i =

     4


ELEDISP =

   4.4229e+03  -5.1672e+05   3.5337e+03  -5.1728e+05   4.4229e+03  -5.1672e+05


ELEDISP =

   4.4229e+03  -5.1672e+05   3.5337e+03  -5.1728e+05   4.4229e+03  -5.1672e+05


ELEDISP =

   4.4229e+03  -5.1672e+05   3.5337e+03  -5.1728e+05   3.5418e+03  -5.1626e+05


STRESS =

   2.6656e+00
   2.3867e+01
   1.6000e+01


i =

     5


ELEDISP =

   3.5291e+03  -5.1829e+05   3.5337e+03  -5.1728e+05   3.5418e+03  -5.1626e+05


ELEDISP =

   3.5291e+03  -5.1829e+05   2.6494e+03  -5.1882e+05   3.5418e+03  -5.1626e+05


ELEDISP =

   3.5291e+03  -5.1829e+05   2.6494e+03  -5.1882e+05   2.6503e+03  -5.1781e+05


STRESS =

   2.8754e+00
   1.2859e+01
  -1.4000e+01


i =

     6


ELEDISP =

   3.5291e+03  -5.1829e+05   2.6494e+03  -5.1882e+05   2.6503e+03  -5.1781e+05


ELEDISP =

   3.5291e+03  -5.1829e+05   2.6503e+03  -5.1781e+05   2.6503e+03  -5.1781e+05


ELEDISP =

   3.5291e+03  -5.1829e+05   2.6503e+03  -5.1781e+05   3.5337e+03  -5.1728e+05


STRESS =

   1.3872e+00
   1.2990e+01
   2.0000e+00


i =

     7


ELEDISP =

   3.5337e+03  -5.1728e+05   2.6503e+03  -5.1781e+05   3.5337e+03  -5.1728e+05


ELEDISP =

   3.5337e+03  -5.1728e+05   2.6503e+03  -5.1781e+05   3.5337e+03  -5.1728e+05


ELEDISP =

   3.5337e+03  -5.1728e+05   2.6503e+03  -5.1781e+05   2.6526e+03  -5.1680e+05


STRESS =

   2.2845e+00
   1.2911e+01
   4.0000e+00


i =

     8


ELEDISP =

   3.5337e+03  -5.1728e+05   2.6503e+03  -5.1781e+05   2.6526e+03  -5.1680e+05


ELEDISP =

   3.5337e+03  -5.1728e+05   2.6526e+03  -5.1680e+05   2.6526e+03  -5.1680e+05


ELEDISP =

   3.5337e+03  -5.1728e+05   2.6526e+03  -5.1680e+05   3.5418e+03  -5.1626e+05


STRESS =

  -2.2611e-02
   1.3114e+01
  -1.0000e+01


i =

     9


ELEDISP =

   3.5418e+03  -5.1626e+05   2.6526e+03  -5.1680e+05   3.5418e+03  -5.1626e+05


ELEDISP =

   3.5418e+03  -5.1626e+05   2.6526e+03  -5.1680e+05   3.5418e+03  -5.1626e+05


ELEDISP =

   3.5418e+03  -5.1626e+05   2.6526e+03  -5.1680e+05   2.6624e+03  -5.1578e+05


STRESS =

  -7.1836e-01
   1.3175e+01
   1.6000e+01


i =

    10


ELEDISP =

   2.6494e+03  -5.1882e+05   2.6526e+03  -5.1680e+05   2.6624e+03  -5.1578e+05


ELEDISP =

   2.6494e+03  -5.1882e+05   1.7665e+03  -5.1935e+05   2.6624e+03  -5.1578e+05


ELEDISP =

   2.6494e+03  -5.1882e+05   1.7665e+03  -5.1935e+05   1.7706e+03  -5.1834e+05


STRESS =

   6.9442e-01
   9.3782e+00
  -1.6000e+01


i =

    11


ELEDISP =

   2.6494e+03  -5.1882e+05   1.7665e+03  -5.1935e+05   1.7706e+03  -5.1834e+05


ELEDISP =

   2.6494e+03  -5.1882e+05   1.7706e+03  -5.1834e+05   1.7706e+03  -5.1834e+05


ELEDISP =

   2.6494e+03  -5.1882e+05   1.7706e+03  -5.1834e+05   2.6503e+03  -5.1781e+05


STRESS =

   1.9769e+00
   9.2655e+00
   1.2000e+01


i =

    12


ELEDISP =

   2.6503e+03  -5.1781e+05   1.7706e+03  -5.1834e+05   2.6503e+03  -5.1781e+05


ELEDISP =

   2.6503e+03  -5.1781e+05   1.7706e+03  -5.1834e+05   2.6503e+03  -5.1781e+05


ELEDISP =

   2.6503e+03  -5.1781e+05   1.7706e+03  -5.1834e+05   1.7691e+03  -5.1732e+05


STRESS =

   2.8743e+00
   9.1866e+00
   4.0000e+00


i =

    13


ELEDISP =

   2.6503e+03  -5.1781e+05   1.7706e+03  -5.1834e+05   1.7691e+03  -5.1732e+05


ELEDISP =

   2.6503e+03  -5.1781e+05   1.7691e+03  -5.1732e+05   1.7691e+03  -5.1732e+05


ELEDISP =

   2.6503e+03  -5.1781e+05   1.7691e+03  -5.1732e+05   2.6526e+03  -5.1680e+05


STRESS =

   1.3861e+00
   9.3174e+00
  -6.0000e+00


i =

    14


ELEDISP =

   2.6526e+03  -5.1680e+05   1.7691e+03  -5.1732e+05   2.6526e+03  -5.1680e+05


ELEDISP =

   2.6526e+03  -5.1680e+05   1.7691e+03  -5.1732e+05   2.6526e+03  -5.1680e+05


ELEDISP =

   2.6526e+03  -5.1680e+05   1.7691e+03  -5.1732e+05   1.7732e+03  -5.1631e+05


STRESS =

   6.9034e-01
   9.3785e+00
   6.0000e+00


i =

    15


ELEDISP =

   2.6526e+03  -5.1680e+05   1.7691e+03  -5.1732e+05   1.7732e+03  -5.1631e+05


ELEDISP =

   2.6526e+03  -5.1680e+05   1.7732e+03  -5.1631e+05   1.7732e+03  -5.1631e+05


ELEDISP =

   2.6526e+03  -5.1680e+05   1.7732e+03  -5.1631e+05   2.6624e+03  -5.1578e+05


STRESS =

  -1.6168e+00
   9.5813e+00
  -8.0000e+00


i =

    16


ELEDISP =

   2.6624e+03  -5.1578e+05   1.7732e+03  -5.1631e+05   2.6624e+03  -5.1578e+05


ELEDISP =

   2.6624e+03  -5.1578e+05   1.7732e+03  -5.1631e+05   2.6624e+03  -5.1578e+05


ELEDISP =

   2.6624e+03  -5.1578e+05   1.7732e+03  -5.1631e+05   1.7812e+03  -5.1529e+05


STRESS =

  -8.7871e-01
   9.5164e+00
   1.2000e+01


i =

    17


ELEDISP =

   1.7665e+03  -5.1935e+05   1.7732e+03  -5.1631e+05   1.7812e+03  -5.1529e+05


ELEDISP =

   1.7665e+03  -5.1935e+05   8.8150e+02  -5.1987e+05   1.7812e+03  -5.1529e+05


ELEDISP =

   1.7665e+03  -5.1935e+05   8.8150e+02  -5.1987e+05   8.8764e+02  -5.1885e+05


STRESS =

  -1.5132e+00
   3.9584e+00
  -4.0000e+00


i =

    18


ELEDISP =

   1.7665e+03  -5.1935e+05   8.8150e+02  -5.1987e+05   8.8764e+02  -5.1885e+05


ELEDISP =

   1.7665e+03  -5.1935e+05   8.8764e+02  -5.1885e+05   8.8764e+02  -5.1885e+05


ELEDISP =

   1.7665e+03  -5.1935e+05   8.8764e+02  -5.1885e+05   1.7706e+03  -5.1834e+05


STRESS =

  -6.7885e-01
   3.8851e+00
   4.0000e+00


i =

    19


ELEDISP =

   1.7706e+03  -5.1834e+05   8.8764e+02  -5.1885e+05   1.7706e+03  -5.1834e+05


ELEDISP =

   1.7706e+03  -5.1834e+05   8.8764e+02  -5.1885e+05   1.7706e+03  -5.1834e+05


ELEDISP =

   1.7706e+03  -5.1834e+05   8.8764e+02  -5.1885e+05   8.8943e+02  -5.1784e+05


STRESS =

   2.1849e-01
   3.8062e+00
  -1.0000e+01


i =

    20


ELEDISP =

   1.7706e+03  -5.1834e+05   8.8764e+02  -5.1885e+05   8.8943e+02  -5.1784e+05


ELEDISP =

   1.7706e+03  -5.1834e+05   8.8943e+02  -5.1784e+05   8.8943e+02  -5.1784e+05


ELEDISP =

   1.7706e+03  -5.1834e+05   8.8943e+02  -5.1784e+05   1.7691e+03  -5.1732e+05


STRESS =

   1.5010e+00
   3.6935e+00
   6.0000e+00


i =

    21


ELEDISP =

   1.7691e+03  -5.1732e+05   8.8943e+02  -5.1784e+05   1.7691e+03  -5.1732e+05


ELEDISP =

   1.7691e+03  -5.1732e+05   8.8943e+02  -5.1784e+05   1.7691e+03  -5.1732e+05


ELEDISP =

   1.7691e+03  -5.1732e+05   8.8943e+02  -5.1784e+05   8.8976e+02  -5.1683e+05


STRESS =

   8.0525e-01
   3.7547e+00
  -2.0000e+00


i =

    22


ELEDISP =

   1.7691e+03  -5.1732e+05   8.8943e+02  -5.1784e+05   8.8976e+02  -5.1683e+05


ELEDISP =

   1.7691e+03  -5.1732e+05   8.8976e+02  -5.1683e+05   8.8976e+02  -5.1683e+05


ELEDISP =

   1.7691e+03  -5.1732e+05   8.8976e+02  -5.1683e+05   1.7732e+03  -5.1631e+05


STRESS =

  -6.8293e-01
   3.8855e+00
  -6.0000e+00


i =

    23


ELEDISP =

   1.7732e+03  -5.1631e+05   8.8976e+02  -5.1683e+05   1.7732e+03  -5.1631e+05


ELEDISP =

   1.7732e+03  -5.1631e+05   8.8976e+02  -5.1683e+05   1.7732e+03  -5.1631e+05


ELEDISP =

   1.7732e+03  -5.1631e+05   8.8976e+02  -5.1683e+05   8.9197e+02  -5.1581e+05


STRESS =

   5.5144e-02
   3.8206e+00
   1.2000e+01


i =

    24


